x1 = -0.833334
x2 = 0.166667
x3 = 1.5
